9.331294830859975242e-01 -7.158355019023758536e-02 3.685636047965040740e-02 2.577347479914418940e-02 2.230322152384704368e-02 1.635946319162575463e-02 3.875427081704418963e-02 5.260995039602650580e-02 -1.642876475691090049e-02 -1.774287997826652363e-01 6.648363934716639001e-02 1.274971648306081340e-01 1.123041915089646736e-02 1.442138715297016857e-02 5.792415478248989086e-02 1.849856861466355699e-03 -6.625447532689461572e-02 -4.168877649462885554e-02 5.181052320286726187e-02 4.604143480679051548e-02 1.155540980060417167e-01 3.701621734798905133e-02 -1.426590317818342279e-02 -4.542763683263490934e-03 -3.023923076381097169e-02 4.539565697916326387e-02 4.559236486255179716e-02 5.357172016947296667e-02 1.916901734246378303e-02 2.544696607401993396e-02 -9.560550137729964537e-02 1.600443504510485615e-01 -1.327658966650162135e-02 2.080486454100356764e-01 2.719572971750127202e-02 -4.543002733546215866e-01 2.604541799349727529e-02 2.759754518331344331e-01 -1.998459478125093336e-02 -7.587494852616731740e-03 1.480043103990200809e-02 4.897038171100458193e-02 4.569999552109010182e-02 -7.600485001800359741e-02 4.704384094257061180e-04 -5.182419016502799736e-02 2.701363869911434581e-02 1.269108435286455880e-02 -2.723526444799033962e-03 -3.955614103869364157e-02 -2.643315792417047852e-02 2.993330316602389740e-02 5.681764455280164522e-02 2.193679798988232010e-01 3.547696046618435683e-02 -5.014165917753771184e-02 -3.774897065858744960e-01 7.759730456154309564e-02 -7.338391156096756712e-03 -1.784847738174680232e-03 -1.170458378280117562e-02 3.253721636293958712e-03 -2.804850321452042120e-02 1.077799031476809818e-02 -2.370128648203149134e-03 1.252109458359218150e-02 1.144506809309248779e-02 9.004229260275317670e-03 2.783910947760534493e-02 2.326849299509718867e-03 -4.038126122848212894e-03 -1.287754204446076717e-02 7.229694362262372061e-03 -3.898716509898476727e-03 1.211238482406134468e-03 1.342728290371102834e-02 -1.653208717662693963e-02 3.491960136204649238e-03 -2.607258506456499019e-03 -8.074599939085509021e-03 -4.880316307931212641e-03 1.636151733266928351e-02 -4.092165024800866260e-03 5.693968322583379919e-04 -4.342617969744498249e-03 2.513554845781322544e-02 -4.291594707308737759e-03 -4.223478833826350108e-03 -4.769193776892065133e-03 -3.814836222968657348e-02 -8.208670448004991987e-03 4.058914531945436756e-03 -4.174732615050292389e-03 3.246745722103959193e-03 1.722448112732987216e-02 6.463422534257459370e-03 1.188726184798878996e-02 -3.184384849508822835e-04 1.286787112435492514e-03 -1.936785301555736527e-02 -1.467890804925652730e-03 9.337619281987317305e-03 5.660167751346294879e-03 -9.447487519235648473e-03 -4.108542874423962675e-04 -1.417720975067256455e-03
-7.158355019023758536e-02 9.996596117600737852e-01 3.020258977487731700e-02 -2.187673750027355169e-04 -6.316567221774628538e-03 -1.901927985258078033e-02 -1.214472327762691414e-02 -1.360439194488564756e-03 6.441966054272746378e-03 4.456642683504301317e-02 -2.407811402177886112e-02 -3.746884962616692238e-02 -1.280746827656136996e-02 -2.313754869127041935e-03 -4.953375483641277513e-03 1.079079106455446170e-02 7.708962497761267726e-03 1.126531851770222123e-02 3.680932637515545863e-02 4.094653992682922850e-02 -3.289352362527741495e-03 1.531512601073980323e-02 6.806500866712398082e-03 -1.703841964922158531e-02 -6.560620308577147855e-03 1.097136457526854368e-03 -1.804827715163615127e-03 -2.033644925976129531e-02 1.712025746739729778e-02 -3.957434658785972947e-03 -7.125051774271654037e-03 -1.527665498245410480e-02 2.756265680409434021e-03 -2.073247760617667745e-02 8.469199321869355125e-04 3.249756134684311792e-02 2.833157928377742774e-02 -2.779645841200527670e-02 5.907647467000380452e-03 4.182682966452313210e-03 7.615504762741604622e-03 -1.449341913891746478e-02 -3.103561571095894006e-02 2.801022274274918289e-02 1.302005764461209962e-02 -6.196631262510699997e-03 6.804499703304774973e-03 -1.505392184417012058e-02 1.330720542991774627e-02 4.987141168478053180e-03 5.028506893496963344e-03 7.278917633761310124e-05 -4.549210769722570116e-03 -1.568176150207639674e-02 6.614121752488297083e-03 2.280176865518164162e-02 9.888118965042262676e-03 2.406015079869758440e-03 -1.622156893693162821e-02 -6.730297236956293838e-02 -5.427514352692032473e-02 1.190150119335524892e-01 6.619179198282930214e-03 -5.583479855984031792e-02 -4.239648016159808241e-04 -5.151739184241426600e-03 -5.975779507112375169e-03 1.398162338911127650e-02 2.919065806949289882e-02 5.572171333491228017e-04 -1.376928014392090737e-03 3.508692399840301901e-02 -1.423225847160959840e-03 1.118076903826798526e-03 1.903562017248202785e-03 -1.231627063608368641e-02 3.628562628334126849e-02 5.224746807914560504e-03 -1.161360953322096261e-02 1.134952213060845191e-02 5.000235799150601172e-03 -8.604421433192942573e-04 -9.036835666010272980e-03 -5.289449213596317603e-03 -1.430470512003963190e-02 -1.939992084840972764e-03 9.951683785552351696e-03 -6.816546328219979991e-04 5.989938406431671511e-03 1.366754175256628123e-01 3.471928118267766927e-02 2.198013027521689318e-03 2.432145488486660984e-02 -1.839089500919842413e-02 -4.262584117362128514e-03 -1.499108377116570648e-02 5.068515538785870952e-03 -7.649602384720340792e-04 -1.313497104447127264e-02 -9.839545908895519066e-04 -2.702121807757786910e-03 6.358951627415752005e-03 -7.554926190021613031e-02 -1.399920534562499978e-02 4.103624376350240195e-03 3.927169797143233686e-03
3.685636047965040740e-02 3.020258977487731700e-02 9.531278351318118736e-01 2.462470155360347440e-03 1.208930483748727608e-02 1.799500465637664803e-01 -1.206100842487012152e-02 -4.368402810404733994e-02 1.738488073326622608e-03 -1.804736665915804283e-02 5.187887531620833520e-02 1.028293067217807277e-01 -2.552437499640875310e-02 5.896166499416593577e-03 -4.860823716612053258e-02 2.021185970655033082e-02 3.517318028169042366e-03 1.034320729371816620e-02 1.785258234168577221e-02 2.678710940976739355e-02 3.703782384933306665e-02 2.389034136941122280e-02 -2.395601404560744607e-02 -1.603925321043379870e-02 -1.410256212100641400e-02 -9.214301013937740113e-04 4.138512368012368242e-02 -2.759419074561549057e-02 7.663627417091796110e-03 1.767759975064756711e-02 -4.846688047025048823e-02 -2.002853119268735715e-01 -1.741222263789902330e-02 3.340054205812076349e-01 -3.039040476102129740e-02 -1.010627711467795148e-01 -9.324498566907502006e-02 -1.736706905614010255e-01 -2.478630068872262060e-01 1.192362040354909974e-02 2.290933190867139868e-01 -6.981742025096541147e-03 1.105490774663194786e-01 1.118403709083883452e-01 4.745893176652472151e-02 -1.180381709880537477e-01 -7.670612760318726298e-02 -7.069342184910044902e-02 5.743338387093162994e-02 -1.936337121218709503e-02 -2.485430530850455538e-02 1.414422575684715910e-01 -4.842007275474182609e-02 4.930572113518345012e-01 -1.281440955620793132e-01 -2.323475471542040677e-02 -5.310006777809771206e-02 -2.878724821568078296e-01 -3.490032027689536909e-01 -5.416298207403399956e-03 -2.460842002618904636e-03 -9.498105687882832382e-02 -4.874441254039723476e-03 8.342059493023172567e-02 7.073593108887527015e-03 -1.266696923083457209e-03 2.742112681376525189e-03 -3.106308848937304468e-03 -1.342563213694048657e-02 -1.207067986998948753e-02 2.833170770427215386e-03 8.447584886569459509e-03 -2.837447997552609413e-03 -7.717848531672502274e-03 -1.570586372050043408e-02 7.368344763844658293e-03 8.537542163983868546e-03 -6.601102404800305440e-03 -9.763784535842147741e-03 -3.390064643601537007e-03 -1.029464639063498634e-03 -7.497200089006178167e-03 2.116569067783173955e-02 9.359345860043239568e-03 5.306837335954378912e-03 -1.236660137526313791e-03 -2.227742708756290727e-02 -3.814756286039131059e-03 -6.164381455488262586e-03 4.516708404844933800e-02 9.236139005304201937e-04 -6.425677404231043034e-03 -7.464358710059867605e-03 -8.563410321738689976e-03 2.197430558171866583e-03 3.330456716210006968e-03 -1.128806643179830656e-02 -3.388784647749863016e-03 -2.003991678984277762e-03 1.071132106883102009e-03 -7.042402668671481590e-03 -1.299084223625699731e-02 -1.505710937371053902e-02 6.623987897626125790e-03 5.506637149923995084e-03 1.291916364781326917e-02
2.577347479914418940e-02 -2.187673750027355169e-04 2.462470155360347440e-03 8.995020359167003043e-01 -6.255384716342746176e-02 2.727659461501120292e-02 -1.692540967238513952e-02 -1.489059229992306665e-02 -2.913225096442293252e-04 -1.554353076370905938e-02 5.026142155832883512e-02 2.392861168298253405e-02 -1.385557737938496702e-02 1.106546401600649789e-03 3.119265966585926721e-03 5.721031702832615794e-04 -3.200041437752194559e-03 -2.840739895683692257e-03 -1.876534455321896954e-03 -1.975820774198314925e-03 -2.534697021693627181e-03 -3.207106037436604096e-03 -1.024761465101898215e-02 -1.118669012130841037e-02 2.397572400213512662e-03 2.014264144499224030e-02 -1.876182366742570537e-02 7.771470290064317991e-03 4.301221661552417051e-03 1.358456292079156524e-01 -1.891337859464365528e-02 6.034883361986396154e-03 -5.164661108342228496e-03 -9.356483496181807955e-03 3.516022875818120876e-03 2.760855164375153672e-03 4.102962912854946076e-03 1.887273864627494894e-03 -8.153293520992754839e-03 -1.308895407996541090e-03 -1.940295967531210572e-02 1.476218711270146748e-02 3.722171250933625254e-04 -3.617795642003710649e-03 -1.025659221842987676e-02 -4.967681457551070649e-03 1.117337755261273591e-03 4.396817306820648835e-02 -1.581268203285936952e-02 1.860546237429573212e-03 -1.387651478733119802e-02 -1.225309017394357776e-02 3.096144343813272450e-03 -6.307566332966921090e-03 1.197846818136426468e-02 -1.034412749321041158e-04 -2.093323031252494314e-03 8.410285526792048768e-04 -7.625623553623638896e-03 4.295062272534527813e-04 8.141947129854915088e-03 -1.860397118064485667e-03 6.453137805683751768e-03 -4.241706109630542960e-03 -1.868123715309170582e-03 1.552430002995267488e-03 -5.429077567008559063e-03 -5.464378797858470251e-04 -5.985908696993311011e-03 -1.000916168121940546e-03 -6.566050546068673060e-04 1.299104525014906260e-03 -4.328137657650180971e-03 -5.570967223775670323e-03 -2.566374489256823162e-03 4.238917945440096578e-04 -1.252745649009257131e-04 -2.520274565313966077e-03 -1.535262968164082507e-04 -1.236603325919938354e-03 -3.927398482383193633e-03 -9.030317115663482642e-04 1.834193561827050442e-02 1.825798305076347435e-03 -1.811039496931118181e-03 -5.466159004618848655e-03 -1.021837699766235241e-03 -3.650739529517197518e-03 -2.146249664986887417e-03 4.698003549114881461e-04 -8.391949026614223088e-04 -4.162555555903122329e-04 -1.516407460174972128e-03 -2.534619265594288424e-03 -8.426990584292073580e-04 -1.489446832754545398e-03 -1.342960587517341882e-03 -8.342592525375765265e-04 7.679459382311694914e-03 3.763836579019663817e-03 -1.767227240459932468e-03 -1.271253111968516673e-03 -4.192229171650438228e-03 1.236711658085179379e-03 -3.312385840489674108e-03 1.570203536701473765e-02
2.230322152384704368e-02 -6.316567221774628538e-03 1.208930483748727608e-02 -6.255384716342746176e-02 9.656171331686732584e-01 1.698284380378437680e-02 5.690596542859907223e-03 9.156948096947101212e-03 -1.883205629876615050e-03 -1.437609318010306565e-02 8.147381938274796814e-03 1.657678793896330549e-02 -5.354566438090822139e-03 -2.599363478232073234e-03 -6.058488837386750980e-03 -1.957233119984679373e-03 -4.048015097594691303e-03 -9.125616496483607287e-03 -4.284574670746034430e-03 2.175295252307690198e-03 1.733301979531254528e-03 -8.661044869694449824e-03 3.452062122239057083e-03 -1.314036129816696999e-02 4.598306869493532650e-03 3.166409503727233427e-02 -6.912820234651795466e-03 1.728889792937044617e-02 1.846951915882858158e-03 2.696715231526424644e-02 -1.045860673664668686e-02 -3.261314836921420587e-03 -7.531948614668211410e-03 1.416139645972453592e-02 -1.549763925123711153e-03 -1.263199922949840778e-02 -4.057843542118432824e-03 6.279457888778523442e-03 -1.268501379293084097e-02 6.398517311369382801e-03 1.755601546530939291e-03 1.451979791894217157e-02 -1.242765076643416282e-03 -6.301469412242050039e-03 -4.859282015500543048e-03 -1.737761136143179883e-02 -6.741313238016734440e-03 1.747251331989944922e-02 -4.945730772030420240e-03 9.940921420247892173e-03 2.917311913457882699e-04 2.207357772764251963e-04 -6.164080284649858105e-03 1.582102619548834271e-02 1.198950164172465742e-02 -3.830054971040840889e-03 -1.554793325721078381e-02 -2.181909885619432582e-02 -1.254570228005366748e-04 -7.905698392997900781e-03 -6.416887981129417969e-04 -8.850309601176730573e-03 -3.721729014766691351e-03 1.087136535810641867e-02 -1.143572705654150382e-03 4.889857293662600371e-04 9.228550155515394260e-03 -3.019068428443806660e-03 -4.255974140477064918e-03 -3.170738442142614390e-03 -5.396315872206632058e-03 -4.369754642403177528e-03 -1.533162827924238955e-03 -9.562938793551002681e-03 -2.140871704410845112e-03 1.626140443347074555e-02 -6.377647911612162671e-03 9.577979607838763183e-04 4.027071911990103698e-02 4.938459402222268591e-03 1.668344905280317063e-03 2.643337899307390219e-03 -2.476750361842411721e-03 2.295665671252001584e-03 3.464084082166530611e-04 -8.615463528020124440e-03 -9.471026109845424867e-03 -5.102073179137777900e-03 -4.601160290623254601e-03 -1.312641217988192062e-02 3.743334707307494329e-03 -2.690814406042227758e-03 9.023203621872939034e-05 -4.518063381761970240e-03 -4.310211041789672841e-03 -5.515436942761858460e-03 -3.229998776618761037e-03 -3.082273358283241574e-03 1.309692490768844461e-02 6.184457703178980296e-03 -3.304047308091343296e-03 1.128522043226528986e-02 7.956841201911611650e-03 4.093239464943063469e-03 -5.810793329156392975e-03 5.513863918910203062e-03
1.635946319162575463e-02 -1.901927985258078033e-02 1.799500465637664803e-01 2.727659461501120292e-02 1.698284380378437680e-02 9.417206824665457221e-01 -8.458518346647608127e-04 2.632853342579545564e-03 -7.306338023436678708e-03 -1.287744304257861915e-03 9.551252260805631611e-02 8.619087221553417555e-02 -2.621340777886389459e-02 -6.498223244119935224e-03 -1.516127920521456729e-01 -3.409528965744197671e-02 -7.833574466621343046e-02 -2.999221814113738060e-02 -3.845185276881205559e-03 -3.395698221148281057e-03 -3.622789787286443026e-03 -8.992684374521622837e-03 -2.136152014589272601e-03 1.988259939516993230e-02 3.591371614581702343e-02 2.773398242945079167e-02 3.761653656350712194e-02 2.281077354537910939e-02 -5.472346068208777496e-03 4.097598908162362885e-02 -5.204987818156816409e-02 5.438088631596389722e-02 6.636996494027418841e-04 1.108836849668538432e-01 1.103986425384512280e-03 -1.241361451163759677e-01 1.077082147451549708e-03 -9.126906591278075020e-02 -6.343675785940154632e-02 1.367945069972459652e-03 6.125571810886620838e-02 9.072887195372188185e-02 1.041302817536829683e-01 -2.128208579216225166e-02 2.071566362437839842e-02 -1.175876309112463131e-01 -3.041964589151565507e-02 1.568865243109129892e-02 2.360821565821290269e-02 2.773089017824597116e-03 -1.681603059710261999e-02 8.256507182568285919e-02 -1.518081143591914761e-01 1.544668489089776053e-01 5.236212818817625320e-02 -3.152665006045346496e-02 -1.967769658807443089e-01 -6.401166751552740848e-03 -9.390652330579465912e-02 -5.522751397963460152e-05 -8.093034682182441431e-03 -3.199190740300422026e-02 -3.301328433057789573e-04 3.085096008379047128e-02 -1.572095546245501005e-03 -2.774428446929786372e-03 -1.105386477458435157e-02 2.527534129379593094e-04 -7.850764607731085601e-03 1.268123396912093463e-02 1.068749668919995698e-03 -1.311302751715468125e-02 -1.438817470047495505e-03 9.842282100365111128e-03 1.684690413213005018e-03 6.962424170763672343e-03 1.959287333392359387e-03 -7.978948207574115478e-03 7.141818554044700607e-04 -5.005802220328712908e-03 6.872100394612351169e-04 -7.397333639475442077e-03 7.032698198163143000e-04 4.065771360659063520e-03 5.830803111270727729e-03 2.480594182265953226e-03 -4.636519874555428480e-03 8.014512275493539117e-03 1.596962044245822231e-03 1.256814243386027326e-02 -8.232821307639097766e-03 3.332627203529665242e-03 -1.053415641472644527e-02 -9.444053873498482743e-03 -6.311677321536464901e-03 7.018981536313611234e-03 -3.689844576858089358e-03 -1.037003394769883766e-03 6.349727844343316940e-03 -9.177459348418215077e-03 7.990286533888332071e-03 -4.166363858660268073e-03 -3.044244247181561881e-03 -7.368967040311062353e-03 4.719728025492834697e-03 1.073152208718840782e-02
3.875427081704418963e-02 -1.214472327762691414e-02 -1.206100842487012152e-02 -1.692540967238513952e-02 5.690596542859907223e-03 -8.458518346647608127e-04 9.930379257708936702e-01 -4.703824009301280085e-02 -2.011633612632063653e-03 -2.577230414526720526e-01 -4.019124189618138165e-02 -5.183860371837591130e-02 -3.583516901047208159e-02 -2.776630900684527378e-03 -3.764350715645045642e-02 -1.893117416492698379e-02 -1.926013494454430902e-02 -8.412401952644279340e-03 -1.094087370447456055e-02 -1.286231603780367549e-02 -1.854857282904773946e-02 -1.378219929582456121e-02 2.174077268171174457e-02 -2.691980901267816955e-03 2.013675569477732519e-02 -3.425409897615958044e-03 -1.112131257533416351e-02 1.752807294824913938e-03 -5.473703968480019173e-03 6.316812194004014884e-03 1.899332957877028494e-02 2.662634592886951174e-02 1.688716308609707409e-02 -1.476093245775595558e-02 1.263488564163308845e-03 -8.662871248973889188e-03 -7.416501986252014124e-04 1.053680522501519896e-02 1.204407585084838750e-01 8.989923181466594193e-02 -3.330091862174104633e-02 2.098916669134686872e-02 -1.916622417000253542e-02 -9.395529588708961474e-03 -2.959942146782802708e-02 -2.788705904113069831e-02 -9.151965100981252627e-03 1.764223906553734345e-02 1.257911364871790692e-02 -5.429258452505088262e-02 4.197895147435007357e-02 -1.555815301601561756e-02 -3.770414402558127515e-02 -8.655213301339302612e-03 2.648996138850411367e-02 -4.792025161538158821e-03 -2.942420652525973290e-02 2.011299365065027239e-02 -9.470592747312624876e-03 2.167900632420660667e-02 1.250738828533038728e-02 5.258798735513756789e-02 -8.546259821423482679e-04 -5.594600075057049038e-02 3.490145960720593844e-03 -8.462369816825833502e-03 -4.624724977843938829e-03 3.384419204166531393e-03 -2.332921374275348080e-03 -6.688567959632662693e-03 -4.720823537530045508e-03 -1.652863307059372795e-03 5.528988065834093690e-03 4.460149696499482279e-04 1.330946860585498649e-03 -5.108893079646350047e-03 -1.669601433264794425e-03 -5.617949707612683412e-03 -1.060126316623588453e-03 -2.836794590669377246e-03 -3.837984194627311243e-03 -3.623035893989870124e-03 -6.451454455442996380e-03 4.001138552868645400e-03 -4.682757147724326760e-03 -4.766086726867819513e-03 -8.416097063981111195e-03 5.120227954122419725e-03 5.138223978494872723e-03 -1.960797223407074324e-02 1.096894127160792480e-03 -2.874318459267020519e-03 -4.836704546544486581e-03 8.576378065136979964e-03 -2.329547183436942673e-03 4.289684495072500561e-04 1.420858612850634667e-02 -2.528895992267166191e-03 -4.681566153638398731e-03 -8.859032267277322861e-03 -2.890457984769435190e-03 -3.870229210592281664e-03 1.444356172496449528e-02 2.347102037502871250e-03 -4.382972572766118992e-03 -5.435974640069030431e-04
5.260995039602650580e-02 -1.360439194488564756e-03 -4.368402810404733994e-02 -1.489059229992306665e-02 9.156948096947101212e-03 2.632853342579545564e-03 -4.703824009301280085e-02 9.962485615299566666e-01 -3.484751342614796250e-03 -3.928996072029020681e-01 -5.303867563325523338e-02 -7.663231139446513573e-02 -5.314074971951335963e-02 -4.809955549732188029e-03 -6.118051017784983253e-02 -1.846156753488426006e-02 -2.169565088417137882e-02 -5.290509327084766920e-03 -1.063658243049665428e-02 -1.532220389171543712e-02 -1.062460109074390806e-02 -7.681961500609691892e-03 1.480142584076896833e-02 1.736407378015609407e-03 3.823817066399140541e-02 -3.440625605457605166e-03 -4.505425802693487081e-02 1.188764410964433804e-01 4.037513902801143258e-03 -1.262048494877865412e-02 -2.088581772456019406e-02 3.279002507329299015e-02 -6.951672986591220932e-03 -2.259988204234551247e-04 -6.538115764968669731e-03 -2.946016138560960534e-02 2.360616957894108494e-03 1.871881221422032338e-02 2.255428335718975830e-02 -3.936990952746881843e-03 -4.387003383060165962e-02 -2.382951357710496113e-02 -2.470510646266961541e-02 -2.307960604271116697e-02 -5.912209654643616613e-02 -3.287554880147609132e-03 -1.577548371057974769e-02 1.566023316414880684e-01 2.334947265501586822e-01 -9.177104134636671073e-02 -1.467652384060643897e-02 6.806888662033936874e-03 -6.129229306233559965e-02 -1.174458982824691002e-02 3.393032460499943552e-03 -1.303821129574398059e-02 -2.983385554681005844e-02 3.700261904364797461e-02 2.812339284326700883e-02 2.329304361827634964e-02 -2.246896691050997985e-02 3.878607876926846304e-02 -1.097473791160609446e-02 -2.499309435992230419e-02 -6.981927864408132497e-03 -3.265701140382015234e-03 -4.457183706588692049e-03 -1.068654350697814150e-02 -4.262540481802011907e-03 -2.362456193658020367e-03 -2.863101105349187547e-03 -2.164054928315557562e-03 -3.873100592651191991e-03 5.554937439406511419e-03 -1.139974649255239610e-03 -3.060630126753075865e-03 -1.047074945443064384e-03 5.052020447526762992e-03 -1.836455993776328231e-03 -4.641880588527959144e-03 8.206154909781715467e-05 -5.438079979751176199e-03 -9.197733267552150177e-03 -2.374169547427260399e-03 -7.311011711741591083e-03 -7.074674110866546392e-03 -4.420799813267569170e-03 -9.368303987170884667e-03 -3.256425549179780068e-04 -1.922630662786041847e-02 -2.546398328896228025e-05 1.437526654044474564e-03 -3.481064183228721118e-03 -3.824942764902820348e-03 -1.134576597584575127e-03 -4.367542949748656755e-03 1.201597993172799205e-03 -3.849330818747357004e-03 -1.363470715136627133e-02 -8.656737247491209236e-03 -4.562434292267785255e-03 -6.470022757537189848e-03 3.307211981617971114e-02 -8.672422887107882755e-03 9.371417409018232419e-05 -1.219274273463775982e-02
-1.642876475691090049e-02 6.441966054272746378e-03 1.738488073326622608e-03 -2.913225096442293252e-04 -1.883205629876615050e-03 -7.306338023436678708e-03 -2.011633612632063653e-03 -3.484751342614796250e-03 9.999420716462559255e-01 -2.225680521596679409e-02 -1.583748099286837272e-03 -3.927590882380684045e-03 -2.753151706670935867e-03 -3.720400645640144764e-04 -4.120258466739520203e-03 2.560774783541803351e-02 9.225246403452787985e-03 -1.952769016303420452e-03 -1.359153278325915797e-03 -1.803788195509383602e-03 1.467742670953949349e-02 -2.270061971000035452e-03 -2.617003161582983229e-03 -2.909303930301100280e-03 -4.926026304406002157e-03 -5.629370081270768187e-04 -5.810676829347859347e-03 -1.952515177754021725e-03 -7.334201954377131405e-04 -6.895986710237522223e-04 -2.474962540613012945e-03 2.529654380530426934e-04 -2.336083850998349725e-04 -4.824724579794794493e-03 -1.922582323505449579e-03 7.709820873754035311e-03 -3.228480233933144709e-03 -3.011170761550454288e-03 -5.939963940314754373e-03 -2.567697377713083545e-04 -5.565291987952383952e-03 -3.689735821751823682e-03 -2.907627362023666555e-03 -3.606662399602744186e-03 -4.217727771943435497e-03 -6.097313306097406141e-03 -1.208285493347961790e-03 -3.944249629895030598e-03 -1.816993550196214580e-03 -4.900552124871265097e-03 -2.222102417920296998e-03 -3.429307760970700877e-03 5.733588560876928114e-02 -8.541206388084619100e-03 -4.440134467032889019e-03 -3.201225997492784803e-03 1.835366767673897448e-02 -6.065234906429829709e-03 8.905503109105700546e-03 -1.665697055046396315e-03 -2.551089225396253619e-03 1.080077879654204459e-02 -1.585704702372760927e-03 -6.905772178014345578e-03 -2.953676440114864931e-04 -7.911538847345215989e-04 -6.566864704971227826e-04 -7.864365206954033018e-04 -7.628517356415603001e-04 -8.686727894901440702e-04 -4.660594414560492922e-04 -1.005615047721421284e-03 -6.689044781866922878e-04 -3.688263348856573947e-04 -7.735769404952759455e-04 -3.654409004125267358e-04 -8.032502230683496352e-04 -6.237511980132140867e-04 -1.420460541535003163e-04 -3.176864318122386561e-04 -2.594164543198175499e-04 -2.933424574230994366e-04 -6.020214574047777923e-04 -3.700762249928868960e-04 -4.438559316894431501e-04 -5.967134918669659031e-04 -8.563183761135194621e-04 -5.484561973066127884e-04 -4.443798410374113269e-04 -2.558391043780828059e-03 -6.293704395989467354e-04 -3.851291955657028514e-04 -5.657364810977103409e-04 -1.070086663211511357e-03 -6.554215197755663361e-04 -5.383281635368817632e-04 -1.028161849161875023e-03 -2.170233709954878288e-04 -7.956809146535878934e-04 -5.289059848396177130e-04 -2.853580997518499968e-04 -4.648489349757632802e-04 5.211251681380441730e-03 -8.278505617441391439e-04 -2.962532273582065999e-04 -1.918953072424594251e-03
-1.774287997826652363e-01 4.456642683504301317e-02 -1.804736665915804283e-02 -1.554353076370905938e-02 -1.437609318010306565e-02 -1.287744304257861915e-03 -2.577230414526720526e-01 -3.928996072029020681e-01 -2.225680521596679409e-02 9.887483394613247878e-01 -2.726289089504773111e-01 -4.369430482175997721e-01 -3.037746331181165327e-01 -3.072076978885464327e-02 -3.746893360613564594e-01 1.150069548517131807e-02 2.783196723438134679e-02 1.403634016345825693e-02 1.429732408001921015e-02 1.985673510714577525e-02 -1.621570663536927442e-02 9.558046389833015424e-03 -4.669600146907339037e-03 1.280630567179668472e-02 -1.775812267469960640e-02 -5.174072608117021022e-02 5.858981804061843407e-02 -7.667125260738186232e-02 5.969837903311218767e-03 -6.158936942104759060e-02 -6.068591652817401615e-03 -7.868508747954593846e-03 1.270108791137759081e-03 -5.959949639571072294e-02 1.113023577450153760e-03 7.993697131753647878e-02 1.085582373589035962e-02 -4.176286875893824718e-02 3.648223089351648740e-02 -2.389165454038801734e-02 6.419607159708261290e-02 -1.373150944755586501e-02 -9.374383856278442617e-02 9.707494021073154178e-02 1.389776250353124409e-01 8.622853436165385521e-02 3.984256442420835986e-02 -9.712312843570108933e-02 -1.220223001515793604e-01 8.498981765718049974e-02 3.722939148987730595e-02 4.678868434070677235e-02 -3.754301634905604090e-01 -5.266732367569921386e-02 1.876483122513995100e-02 2.917929599272080579e-02 4.166772837260519086e-02 6.150697964923025271e-03 -2.056187766178395326e-02 -2.374130984213193227e-02 -3.672228664117343621e-03 -6.493668156298732820e-03 1.619168805293066254e-02 9.649952021798241866e-03 8.242445087521050456e-03 -4.766224014488776826e-03 -3.369271572472261507e-03 5.652629280625960997e-03 3.607078692371324009e-03 1.603962812712785013e-02 1.388992958924771363e-02 1.297016782335711112e-02 2.283278014167652425e-03 -2.922382759575077159e-03 2.931726595263885009e-03 -4.651970157076449133e-03 1.877027402377771936e-02 6.098964532112657877e-03 4.638783541789841779e-03 -2.936548748229214460e-03 1.951806438765157610e-03 -1.344663901636686167e-03 2.323565498760532966e-03 -5.935851792149006781e-03 1.572007214382302107e-02 -3.912436979018869485e-03 1.624759505452278568e-02 2.543485724669461434e-03 6.754520592654549536e-03 4.739504495347247881e-02 5.879247834849953697e-03 2.335883199311658727e-03 1.057403957698616406e-02 1.748715171343527205e-02 8.473124631058915474e-03 4.815509133321341749e-04 5.662495488078426661e-03 2.541459768471263005e-03 -1.916111792706028452e-02 -1.541142288009973889e-02 -9.431143823868087805e-03 3.723244199200569787e-03 -4.231599917648836556e-02 1.081612562580234679e-02 9.056454728703589030e-03 1.909851834946314948e-03
6.648363934716639001e-02 -2.407811402177886112e-02 5.187887531620833520e-02 5.026142155832883512e-02 8.147381938274796814e-03 9.551252260805631611e-02 -4.019124189618138165e-02 -5.303867563325523338e-02 -1.583748099286837272e-03 -2.726289089504773111e-01 9.674440130841971408e-01 -5.795602791766001072e-02 -3.984778634959788846e-02 -2.186026264308828064e-03 -3.488252778897545786e-02 -4.001426221114511017e-03 -1.393713220489294427e-02 -5.816886720124561823e-03 -3.963613568922008841e-03 -5.410381416731949861e-03 -5.302934952807717740e-03 -3.974747294181887013e-03 -2.731567643769163695e-03 -7.225701227284300060e-03 1.692731898881417313e-02 1.177646268027634190e-02 -1.002680714147216948e-02 -9.568342304006698801e-03 -4.309417083555691294e-03 5.255796403744500411e-02 1.510995156045530450e-03 -5.183694175377054000e-03 -6.676334824512879761e-03 4.549856629346372972e-02 -6.648902418339954629e-03 -4.236129351507499780e-02 -4.898254611989304175e-03 4.672217556925646435e-03 -3.881328400644988574e-02 -2.341514996851374285e-03 -1.564225704011044937e-02 1.028733319280447922e-01 2.070752990867048143e-02 -2.484424394293724761e-02 -2.948723305459328980e-02 -2.635455501341189485e-02 -7.307441535302080030e-03 -1.895093889380775401e-02 -2.378087538083326069e-02 8.791790867564409917e-02 -3.179596742258725128e-02 -1.881189226310033685e-02 -3.492148945545943406e-02 5.536188161166975819e-02 -1.590101784746323493e-02 -1.537746358804925779e-02 -2.320293719053263468e-02 -1.618704615475615588e-02 -1.964207084635448408e-02 -1.090032639921970428e-02 8.600060301818739789e-03 -3.521710624805664963e-02 -2.746476580086741094e-03 2.894830155969655566e-02 -6.002873423534040020e-03 1.550318954066108633e-03 -5.970139036026748600e-03 -5.321116786687136307e-03 2.053195419854003320e-02 2.706198249384093608e-03 -4.662305529404733861e-03 -4.669481253811289326e-03 -4.917871494691528067e-03 -1.760620323452284555e-03 4.384788611503063170e-03 1.183291205008239928e-02 -5.407893103889157248e-03 -3.942315342071167888e-04 -8.346316289476340576e-04 1.584273073835147996e-02 -4.469091319201468765e-03 5.511050856124979913e-03 4.580311958580155461e-03 9.987492366031673445e-04 -4.729481798723444812e-03 1.323751916975513063e-03 -4.160828710150056911e-03 -2.026716664258950383e-03 -3.956269684647580054e-03 -8.649902920710704837e-03 -4.619904335355719954e-03 -2.262935142872502664e-03 -4.275561749312849387e-03 -1.220991457520985944e-02 -2.890203610121606492e-03 5.334471304121402024e-03 -7.946786359639653949e-03 -2.682943937017867944e-03 1.773618257382068159e-02 1.997181047308773175e-02 1.219546963491080147e-02 4.579700773958511779e-03 -9.576212277422058161e-03 -2.157519119737885942e-03 -5.103696024770365894e-03 2.681670854981738072e-02
1.274971648306081340e-01 -3.746884962616692238e-02 1.028293067217807277e-01 2.392861168298253405e-02 1.657678793896330549e-02 8.619087221553417555e-02 -5.183860371837591130e-02 -7.663231139446513573e-02 -3.927590882380684045e-03 -4.369430482175997721e-01 -5.795602791766001072e-02 9.900725256521903939e-01 -5.891165300274206484e-02 -5.421201028252315042e-03 -6.851243341495881489e-02 -2.515493311205224940e-03 -1.571966051948441370e-02 -1.191426440502145641e-02 6.077668597920075910e-04 -6.826436804905208419e-03 3.748359890582232679e-02 -1.432551596854238348e-03 -9.712608699787014105e-03 -1.938266646053604832e-03 -1.356557659504240010e-02 1.171336970854581355e-02 1.554441847181117428e-02 -1.064287067996849689e-02 -1.068707028181241879e-02 7.514090085108218742e-02 -1.896263018351379906e-02 -1.122547906255876894e-02 1.577325886611997009e-03 1.051351177053191505e-01 2.778733607987856919e-03 -9.647183071953238653e-02 -1.704860813805415473e-02 -3.243240901122347412e-03 -8.488036738253518232e-02 -4.402745460040497459e-03 7.874570055242172129e-02 2.059357989300051456e-02 2.322465542837361119e-01 -4.939445128557487519e-02 -5.524647007194953552e-02 -2.431307546685401375e-02 -1.777159701420782251e-02 7.709684732446100801e-03 -3.945013450506863750e-02 3.496607478022305954e-02 -3.197253789489207937e-02 -2.330539121218686525e-03 -6.863916254145883966e-02 1.089436248203519836e-01 -3.023904380977921955e-02 -1.394702887062860934e-02 -6.885996267990150688e-02 -3.910852118289685764e-02 -4.201864348434737259e-03 3.092851136812266137e-04 -2.537683856481200845e-03 -5.419844781341860707e-02 -1.350609419077209404e-02 4.998367623899287182e-02 -2.409149943215054858e-03 4.075690443775273342e-03 -1.544256810117764465e-03 6.187875141337749463e-03 -2.060257317628095934e-03 -1.015387620810014047e-02 -4.150694025127460787e-03 -7.308028091895246020e-03 6.003493659167771085e-03 -1.289989716023810188e-03 -8.130509779074684279e-03 1.571369088152368282e-02 -1.225098853872056553e-02 -1.027256212970508072e-02 -2.069831419200455006e-03 1.048541361962124392e-03 -6.118196727818281562e-03 1.320103698107600448e-02 2.854457052670017567e-04 1.408755165439540616e-02 -3.555890231761311884e-03 1.558456297840085658e-02 -4.097992348117290157e-03 3.628199629153915085e-03 -7.543344970798537483e-03 -1.774675407741586539e-02 -1.914016607277495806e-03 2.167597154927921731e-04 -7.541010204803525168e-04 -1.595563271506547642e-02 -3.301407596489447805e-03 -2.263194271146617802e-03 -8.238210588680591404e-03 -4.280088138643970905e-03 3.439344439247455504e-02 -1.027646966882397872e-02 1.021846419405955664e-02 -1.886611753686956872e-03 1.162759155493714794e-02 -1.379833118603868711e-03 -1.158282398205183299e-03 5.491411504350020810e-05
1.123041915089646736e-02 -1.280746827656136996e-02 -2.552437499640875310e-02 -1.385557737938496702e-02 -5.354566438090822139e-03 -2.621340777886389459e-02 -3.583516901047208159e-02 -5.314074971951335963e-02 -2.753151706670935867e-03 -3.037746331181165327e-01 -3.984778634959788846e-02 -5.891165300274206484e-02 9.807098079646313638e-01 -3.800138382563801164e-03 -4.783661887921247802e-02 -2.171785835869659287e-02 -2.667784379387162091e-02 -8.615852932421034713e-03 -1.210925672149401958e-02 -1.447569162952539075e-02 -1.683131584965362817e-02 -1.624441497302924961e-02 -8.979063214465702811e-04 -9.691663218407682232e-03 1.807382113331952936e-02 1.027159142768431233e-01 -4.883323761710518796e-02 7.026238944720888946e-02 -3.291572533096938542e-03 7.340323810790428880e-03 1.574100616115114287e-02 1.900971626856641852e-02 -5.244015334785393292e-03 -9.928748865610641586e-03 1.439419011687777857e-03 8.531984760660991929e-04 1.960125971823233060e-03 -1.340319747300661689e-02 4.905507944789494479e-02 -3.071473882610236978e-03 -4.878976827106860231e-02 9.569305998045080780e-03 -2.137829902126255066e-02 -3.293844515973233522e-02 -4.200425021159101546e-02 -3.463101509784865042e-03 -1.245380364257669091e-02 1.170584410960311961e-01 9.890912263473315702e-02 -6.629314208786921125e-02 1.543487144928968810e-02 -1.649255286729687728e-02 -4.792576939623453131e-02 -1.014166778072542532e-02 1.791042734757157529e-02 -1.432250971974790080e-02 -1.085154685140618698e-02 1.101563085644926589e-02 8.095195633910992616e-04 6.907337658994153889e-03 1.416515339695460785e-02 1.805454095733430298e-02 -1.056778222940798519e-02 -2.127637036711102492e-02 -5.316417085326863128e-03 -4.467747506681680331e-03 1.786580474921610484e-02 -4.260008242619781060e-03 -1.134721446375271461e-02 -9.044309427023992931e-03 -5.797131674654051881e-03 -1.139006654267615826e-02 -4.516440455980729775e-03 -9.472743645530089934e-04 9.553952357108049832e-04 -5.719685600922968030e-03 -8.575474970365445579e-03 1.661118349713168636e-03 -1.450904657575398252e-03 -3.633596416539380900e-03 9.727228602076240516e-03 -4.192503335841977694e-03 2.033595599701136167e-02 -2.874608823744172550e-03 -5.676834321664015262e-03 -6.264791820221607237e-03 -3.001906993562911997e-03 -1.612633678105962910e-03 -5.263887002117925706e-03 -2.653058057273996115e-02 -1.461211563101785706e-03 4.039477390204682453e-03 -6.291281376743963413e-03 -1.001688990497698675e-02 -8.559372886343664250e-03 -1.674720469606377424e-03 -3.057807728344741349e-03 5.368879388710339970e-03 -1.056084740941736454e-02 1.896944234452732289e-02 3.432435205794286733e-03 2.276701969091135796e-03 2.565530702265245849e-02 -9.393672570708208602e-03 -4.838143404676047490e-03 -4.988426033835662368e-03
1.442138715297016857e-02 -2.313754869127041935e-03 5.896166499416593577e-03 1.106546401600649789e-03 -2.599363478232073234e-03 -6.498223244119935224e-03 -2.776630900684527378e-03 -4.809955549732188029e-03 -3.720400645640144764e-04 -3.072076978885464327e-02 -2.186026264308828064e-03 -5.421201028252315042e-03 -3.800138382563801164e-03 9.522835928272169737e-01 -5.687137511383761820e-03 -4.264366629389783683e-03 -4.684407546003460134e-03 -2.695380887712216060e-03 -1.876021044622408268e-03 -2.489744658515517621e-03 8.370702901556750092e-03 -3.133336098364590365e-03 5.632148040074041323e-03 -4.015673202930859602e-03 -6.799328052841958556e-03 -7.770144036614305867e-04 1.309681350494609590e-02 -2.695030517767162646e-03 -1.012330061026202625e-03 -9.518437984994738586e-04 -3.416157607008089587e-03 -9.260420262436779015e-03 -3.224465214012229197e-04 6.555044509229588506e-03 1.195680853967089237e-02 -3.360887541743347567e-03 -4.456227974865108014e-03 5.329119445392995272e-03 2.125061721125189214e-03 -3.544158259134167735e-04 -2.706915942491273236e-03 -5.092892877565658068e-03 5.341430124464063151e-02 3.188604023295808255e-03 -5.821673086351599781e-03 -2.948511607681173624e-03 -1.667780264065908246e-03 -5.444194874059670418e-03 -2.507971832513692430e-03 -6.764166384424571445e-03 -3.067138170360697840e-03 2.950282286871828627e-03 -5.700484918932484379e-03 1.630372735400879890e-03 -1.365635552331482573e-02 -4.418609317770169111e-03 1.169627549617269918e-02 2.370358962701876043e-03 4.570975098224456037e-03 -2.299139309057850016e-03 5.961141241660836837e-03 -1.860508704586651260e-03 -2.188726937312259271e-03 -1.810128736682110808e-04 -4.076919983215065275e-04 -1.092019098187458660e-03 -9.064155294456491480e-04 -1.085507783861272861e-03 -1.052954021310076359e-03 -1.199017402937785706e-03 -6.432955974572200902e-04 -1.388036965660087527e-03 -9.232798816234869367e-04 -5.090860442975189519e-04 -1.067757877750388123e-03 -5.044131744901618995e-04 -1.108715511785564800e-03 -8.609554144787846808e-04 -1.960642637934034336e-04 -4.384983218410152118e-04 -3.580690532747639711e-04 -4.048966604304174606e-04 -8.309621448998887223e-04 -5.108112508525410088e-04 -6.126483906622589778e-04 -8.236356312456533752e-04 -1.181964771820243326e-03 -7.570267346652213977e-04 -6.133715357101653890e-04 -3.531312851202940157e-03 -8.687115782885851878e-04 -5.315886642820067277e-04 -7.808784786634765177e-04 1.976715327965132551e-02 -9.046695349265107284e-04 -7.430471454639937584e-04 -1.419158013348744427e-03 -2.995544488288087530e-04 -1.098267696880205445e-03 -7.300418385540904899e-04 -3.938759586023627638e-04 -6.416247515946568811e-04 1.767796951893763980e-03 -1.142671029382855358e-03 -4.089143571400938879e-04 -2.648705193829119318e-03
